+----------+-----------+--------+
| latitude | longitude |  50m   |
+----------+-----------+--------+
| 0.5      | 55.5      | 26.635 |
| 0.5      | 56.5      | 26.767 |
| 0.5      | 57.5      | 26.898 |
| 0.5      | 58.5      | 27.042 |
| 0.5      | 59.5      | 27.208 |
| 0.5      | 60.5      | 27.379 |
| 0.5      | 61.5      | 27.528 |
| 0.5      | 62.5      | 27.644 |
| 0.5      | 63.5      | 27.733 |
| 0.5      | 64.5      | 27.809 |
| 0.5      | 65.5      | 27.875 |
| 0.5      | 66.5      | 27.932 |
| 0.5      | 67.5      | 27.979 |
| 0.5      | 68.5      | 28.023 |
| 0.5      | 69.5      | 28.07  |
| 0.5      | 70.5      | 28.119 |
| 0.5      | 71.5      | 28.162 |
| 0.5      | 72.5      | 28.197 |
| 0.5      | 73.5      | 28.226 |
| 0.5      | 74.5      | 28.255 |
| 1.5      | 55.5      | 26.679 |
| 1.5      | 56.5      | 26.849 |
| 1.5      | 57.5      | 27.017 |
| 1.5      | 58.5      | 27.189 |
| 1.5      | 59.5      | 27.37  |
| 1.5      | 60.5      | 27.547 |
| 1.5      | 61.5      | 27.701 |
| 1.5      | 62.5      | 27.819 |
| 1.5      | 63.5      | 27.905 |
| 1.5      | 64.5      | 27.967 |
| 1.5      | 65.5      | 28.012 |
| 1.5      | 66.5      | 28.044 |
| 1.5      | 67.5      | 28.069 |
| 1.5      | 68.5      | 28.098 |
| 1.5      | 69.5      | 28.137 |
| 1.5      | 70.5      | 28.18  |
| 1.5      | 71.5      | 28.218 |
| 1.5      | 72.5      | 28.248 |
| 1.5      | 73.5      | 28.27  |
| 1.5      | 74.5      | 28.286 |
| 2.5      | 55.5      | 26.733 |
| 2.5      | 56.5      | 26.927 |
| 2.5      | 57.5      | 27.122 |
| 2.5      | 58.5      | 27.313 |
| 2.5      | 59.5      | 27.503 |
| 2.5      | 60.5      | 27.685 |
| 2.5      | 61.5      | 27.843 |
| 2.5      | 62.5      | 27.966 |
| 2.5      | 63.5      | 28.054 |
| 2.5      | 64.5      | 28.11  |
| 2.5      | 65.5      | 28.143 |
| 2.5      | 66.5      | 28.161 |
| 2.5      | 67.5      | 28.173 |
| 2.5      | 68.5      | 28.192 |
| 2.5      | 69.5      | 28.221 |
| 2.5      | 70.5      | 28.251 |
| 2.5      | 71.5      | 28.274 |
| 2.5      | 72.5      | 28.284 |
| 2.5      | 73.5      | 28.279 |
| 2.5      | 74.5      | 28.265 |
| 3.5      | 55.5      | 26.772 |
| 3.5      | 56.5      | 26.976 |
| 3.5      | 57.5      | 27.183 |
| 3.5      | 58.5      | 27.385 |
| 3.5      | 59.5      | 27.582 |
| 3.5      | 60.5      | 27.769 |
| 3.5      | 61.5      | 27.934 |
| 3.5      | 62.5      | 28.066 |
| 3.5      | 63.5      | 28.161 |
| 3.5      | 64.5      | 28.221 |
| 3.5      | 65.5      | 28.255 |
| 3.5      | 66.5      | 28.273 |
| 3.5      | 67.5      | 28.286 |
| 3.5      | 68.5      | 28.303 |
| 3.5      | 69.5      | 28.325 |
| 3.5      | 70.5      | 28.339 |
| 3.5      | 71.5      | 28.339 |
| 3.5      | 72.5      | 28.314 |
| 3.5      | 73.5      | 28.266 |
| 3.5      | 74.5      | 28.201 |
| 4.5      | 55.5      | 26.791 |
| 4.5      | 56.5      | 26.987 |
| 4.5      | 57.5      | 27.195 |
| 4.5      | 58.5      | 27.401 |
| 4.5      | 59.5      | 27.603 |
| 4.5      | 60.5      | 27.796 |
| 4.5      | 61.5      | 27.969 |
| 4.5      | 62.5      | 28.112 |
| 4.5      | 63.5      | 28.218 |
| 4.5      | 64.5      | 28.289 |
| 4.5      | 65.5      | 28.334 |
| 4.5      | 66.5      | 28.363 |
| 4.5      | 67.5      | 28.387 |
| 4.5      | 68.5      | 28.411 |
| 4.5      | 69.5      | 28.429 |
| 4.5      | 70.5      | 28.43  |
| 4.5      | 71.5      | 28.404 |
| 4.5      | 72.5      | 28.338 |
| 4.5      | 73.5      | 28.232 |
| 4.5      | 74.5      | 28.1   |
| 5.5      | 55.5      | 26.789 |
| 5.5      | 56.5      | 26.969 |
| 5.5      | 57.5      | 27.168 |
| 5.5      | 58.5      | 27.372 |
| 5.5      | 59.5      | 27.575 |
| 5.5      | 60.5      | 27.771 |
| 5.5      | 61.5      | 27.95  |
| 5.5      | 62.5      | 28.103 |
| 5.5      | 63.5      | 28.221 |
| 5.5      | 64.5      | 28.308 |
| 5.5      | 65.5      | 28.37  |
| 5.5      | 66.5      | 28.417 |
| 5.5      | 67.5      | 28.456 |
| 5.5      | 68.5      | 28.489 |
| 5.5      | 69.5      | 28.506 |
| 5.5      | 70.5      | 28.496 |
| 5.5      | 71.5      | 28.445 |
| 5.5      | 72.5      | 28.337 |
| 5.5      | 73.5      | 28.171 |
| 5.5      | 74.5      | 27.962 |
| 6.5      | 55.5      | 26.76  |
| 6.5      | 56.5      | 26.922 |
| 6.5      | 57.5      | 27.107 |
| 6.5      | 58.5      | 27.303 |
| 6.5      | 59.5      | 27.501 |
| 6.5      | 60.5      | 27.695 |
| 6.5      | 61.5      | 27.877 |
| 6.5      | 62.5      | 28.037 |
| 6.5      | 63.5      | 28.17  |
| 6.5      | 64.5      | 28.275 |
| 6.5      | 65.5      | 28.357 |
| 6.5      | 66.5      | 28.424 |
| 6.5      | 67.5      | 28.48  |
| 6.5      | 68.5      | 28.519 |
| 6.5      | 69.5      | 28.535 |
| 6.5      | 70.5      | 28.515 |
| 6.5      | 71.5      | 28.441 |
| 6.5      | 72.5      | 28.295 |
| 6.5      | 73.5      | 28.069 |
| 6.5      | 74.5      | 27.78  |
| 7.5      | 55.5      | 26.683 |
| 7.5      | 56.5      | 26.833 |
| 7.5      | 57.5      | 27.006 |
| 7.5      | 58.5      | 27.19  |
| 7.5      | 59.5      | 27.379 |
| 7.5      | 60.5      | 27.567 |
| 7.5      | 61.5      | 27.748 |
| 7.5      | 62.5      | 27.915 |
| 7.5      | 63.5      | 28.063 |
| 7.5      | 64.5      | 28.19  |
| 7.5      | 65.5      | 28.296 |
| 7.5      | 66.5      | 28.383 |
| 7.5      | 67.5      | 28.452 |
| 7.5      | 68.5      | 28.497 |
| 7.5      | 69.5      | 28.508 |
| 7.5      | 70.5      | 28.477 |
| 7.5      | 71.5      | 28.384 |
| 7.5      | 72.5      | 28.208 |
| 7.5      | 73.5      | 27.93  |
| 7.5      | 74.5      | 27.56  |
| 8.5      | 55.5      | 26.537 |
| 8.5      | 56.5      | 26.691 |
| 8.5      | 57.5      | 26.858 |
| 8.5      | 58.5      | 27.033 |
| 8.5      | 59.5      | 27.211 |
| 8.5      | 60.5      | 27.391 |
| 8.5      | 61.5      | 27.568 |
| 8.5      | 62.5      | 27.74  |
| 8.5      | 63.5      | 27.904 |
| 8.5      | 64.5      | 28.054 |
| 8.5      | 65.5      | 28.185 |
| 8.5      | 66.5      | 28.295 |
| 8.5      | 67.5      | 28.377 |
| 8.5      | 68.5      | 28.426 |
| 8.5      | 69.5      | 28.433 |
| 8.5      | 70.5      | 28.39  |
| 8.5      | 71.5      | 28.281 |
| 8.5      | 72.5      | 28.082 |
| 8.5      | 73.5      | 27.77  |
| 8.5      | 74.5      | 27.339 |
| 9.5      | 55.5      | 26.338 |
| 9.5      | 56.5      | 26.509 |
| 9.5      | 57.5      | 26.675 |
| 9.5      | 58.5      | 26.841 |
| 9.5      | 59.5      | 27.009 |
| 9.5      | 60.5      | 27.178 |
| 9.5      | 61.5      | 27.351 |
| 9.5      | 62.5      | 27.526 |
| 9.5      | 63.5      | 27.702 |
| 9.5      | 64.5      | 27.873 |
| 9.5      | 65.5      | 28.029 |
| 9.5      | 66.5      | 28.161 |
| 9.5      | 67.5      | 28.259 |
| 9.5      | 68.5      | 28.314 |
| 9.5      | 69.5      | 28.319 |
| 9.5      | 70.5      | 28.267 |
| 9.5      | 71.5      | 28.145 |
| 9.5      | 72.5      | 27.934 |
| 9.5      | 73.5      | 27.614 |
| 9.5      | 74.5      | 27.193 |
| 10.5     | 55.5      | 26.145 |
| 10.5     | 56.5      | 26.322 |
| 10.5     | 57.5      | 26.477 |
| 10.5     | 58.5      | 26.631 |
| 10.5     | 59.5      | 26.788 |
| 10.5     | 60.5      | 26.947 |
| 10.5     | 61.5      | 27.113 |
| 10.5     | 62.5      | 27.287 |
| 10.5     | 63.5      | 27.471 |
| 10.5     | 64.5      | 27.658 |
| 10.5     | 65.5      | 27.836 |
| 10.5     | 66.5      | 27.991 |
| 10.5     | 67.5      | 28.107 |
| 10.5     | 68.5      | 28.173 |
| 10.5     | 69.5      | 28.18  |
| 10.5     | 70.5      | 28.123 |
| 10.5     | 71.5      | 27.992 |
| 10.5     | 72.5      | 27.771 |
| 10.5     | 73.5      | 27.448 |
| 10.5     | 74.5      | 27.05  |
| 11.5     | 55.5      | 26.045 |
| 11.5     | 56.5      | 26.156 |
| 11.5     | 57.5      | 26.271 |
| 11.5     | 58.5      | 26.407 |
| 11.5     | 59.5      | 26.555 |
| 11.5     | 60.5      | 26.708 |
| 11.5     | 61.5      | 26.869 |
| 11.5     | 62.5      | 27.042 |
| 11.5     | 63.5      | 27.23  |
| 11.5     | 64.5      | 27.429 |
| 11.5     | 65.5      | 27.624 |
| 11.5     | 66.5      | 27.8   |
| 11.5     | 67.5      | 27.936 |
| 11.5     | 68.5      | 28.016 |
| 11.5     | 69.5      | 28.032 |
| 11.5     | 70.5      | 27.976 |
| 11.5     | 71.5      | 27.84  |
| 11.5     | 72.5      | 27.611 |
| 11.5     | 73.5      | 27.266 |
| 11.5     | 74.5      | 26.787 |
| 12.5     | 55.5      | 26.231 |
| 12.5     | 56.5      | 25.975 |
| 12.5     | 57.5      | 26.023 |
| 12.5     | 58.5      | 26.152 |
| 12.5     | 59.5      | 26.304 |
| 12.5     | 60.5      | 26.462 |
| 12.5     | 61.5      | 26.625 |
| 12.5     | 62.5      | 26.801 |
| 12.5     | 63.5      | 26.995 |
| 12.5     | 64.5      | 27.203 |
| 12.5     | 65.5      | 27.413 |
| 12.5     | 66.5      | 27.605 |
| 12.5     | 67.5      | 27.757 |
| 12.5     | 68.5      | 27.855 |
| 12.5     | 69.5      | 27.885 |
| 12.5     | 70.5      | 27.839 |
| 12.5     | 71.5      | 27.711 |
| 12.5     | 72.5      | 27.492 |
| 12.5     | 73.5      | 27.157 |
| 12.5     | 74.5      | 26.687 |
| 13.5     | 55.5      | 25.331 |
| 13.5     | 56.5      | 25.477 |
| 13.5     | 57.5      | 25.648 |
| 13.5     | 58.5      | 25.835 |
| 13.5     | 59.5      | 26.021 |
| 13.5     | 60.5      | 26.201 |
| 13.5     | 61.5      | 26.379 |
| 13.5     | 62.5      | 26.566 |
| 13.5     | 63.5      | 26.769 |
| 13.5     | 64.5      | 26.988 |
| 13.5     | 65.5      | 27.207 |
| 13.5     | 66.5      | 27.409 |
| 13.5     | 67.5      | 27.576 |
| 13.5     | 68.5      | 27.69  |
| 13.5     | 69.5      | 27.736 |
| 13.5     | 70.5      | 27.71  |
| 13.5     | 71.5      | 27.612 |
| 13.5     | 72.5      | 27.443 |
| 13.5     | 73.5      | 27.153 |
| 13.5     | 74.5      | 26.426 |
| 14.5     | 55.5      | 24.555 |
| 14.5     | 56.5      | 24.896 |
| 14.5     | 57.5      | 25.198 |
| 14.5     | 58.5      | 25.47  |
| 14.5     | 59.5      | 25.711 |
| 14.5     | 60.5      | 25.927 |
| 14.5     | 61.5      | 26.13  |
| 14.5     | 62.5      | 26.335 |
| 14.5     | 63.5      | 26.553 |
| 14.5     | 64.5      | 26.783 |
| 14.5     | 65.5      | 27.01  |
| 14.5     | 66.5      | 27.217 |
| 14.5     | 67.5      | 27.387 |
| 14.5     | 68.5      | 27.508 |
| 14.5     | 69.5      | 27.567 |
| 14.5     | 70.5      | 27.567 |
| 14.5     | 71.5      | 27.522 |
| 14.5     | 72.5      | 27.477 |
| 14.5     | 73.5      | 27.566 |
| 15.5     | 55.5      | 23.81  |
| 15.5     | 56.5      | 24.299 |
| 15.5     | 57.5      | 24.728 |
| 15.5     | 58.5      | 25.096 |
| 15.5     | 59.5      | 25.4   |
| 15.5     | 60.5      | 25.657 |
| 15.5     | 61.5      | 25.888 |
| 15.5     | 62.5      | 26.113 |
| 15.5     | 63.5      | 26.346 |
| 15.5     | 64.5      | 26.584 |
| 15.5     | 65.5      | 26.813 |
| 15.5     | 66.5      | 27.018 |
| 15.5     | 67.5      | 27.182 |
| 15.5     | 68.5      | 27.297 |
| 15.5     | 69.5      | 27.358 |
| 15.5     | 70.5      | 27.374 |
| 15.5     | 71.5      | 27.365 |
| 15.5     | 72.5      | 27.343 |
| 15.5     | 73.5      | 27.138 |
| 16.5     | 55.5      | 23.102 |
| 16.5     | 56.5      | 23.731 |
| 16.5     | 57.5      | 24.288 |
| 16.5     | 58.5      | 24.767 |
| 16.5     | 59.5      | 25.122 |
| 16.5     | 60.5      | 25.41  |
| 16.5     | 61.5      | 25.665 |
| 16.5     | 62.5      | 25.909 |
| 16.5     | 63.5      | 26.152 |
| 16.5     | 64.5      | 26.392 |
| 16.5     | 65.5      | 26.616 |
| 16.5     | 66.5      | 26.807 |
| 16.5     | 67.5      | 26.953 |
| 16.5     | 68.5      | 27.049 |
| 16.5     | 69.5      | 27.098 |
| 16.5     | 70.5      | 27.116 |
| 16.5     | 71.5      | 27.155 |
| 16.5     | 72.5      | 27.385 |
| 17.5     | 56.5      | 23.226 |
| 17.5     | 57.5      | 23.917 |
| 17.5     | 58.5      | 24.558 |
| 17.5     | 59.5      | 24.902 |
| 17.5     | 60.5      | 25.192 |
| 17.5     | 61.5      | 25.459 |
| 17.5     | 62.5      | 25.714 |
| 17.5     | 63.5      | 25.962 |
| 17.5     | 64.5      | 26.196 |
| 17.5     | 65.5      | 26.406 |
| 17.5     | 66.5      | 26.575 |
| 17.5     | 67.5      | 26.693 |
| 17.5     | 68.5      | 26.76  |
| 17.5     | 69.5      | 26.778 |
| 17.5     | 70.5      | 26.757 |
| 17.5     | 71.5      | 26.709 |
| 17.5     | 72.5      | 26.63  |
| 18.5     | 58.5      | 24.641 |
| 18.5     | 59.5      | 24.721 |
| 18.5     | 60.5      | 24.97  |
| 18.5     | 61.5      | 25.241 |
| 18.5     | 62.5      | 25.503 |
| 18.5     | 63.5      | 25.749 |
| 18.5     | 64.5      | 25.971 |
| 18.5     | 65.5      | 26.159 |
| 18.5     | 66.5      | 26.302 |
| 18.5     | 67.5      | 26.391 |
| 18.5     | 68.5      | 26.428 |
| 18.5     | 69.5      | 26.416 |
| 18.5     | 70.5      | 26.36  |
| 18.5     | 71.5      | 26.256 |
| 18.5     | 72.5      | 26.076 |
| 19.5     | 58.5      | 23.902 |
| 19.5     | 59.5      | 24.346 |
| 19.5     | 60.5      | 24.681 |
| 19.5     | 61.5      | 24.974 |
| 19.5     | 62.5      | 25.241 |
| 19.5     | 63.5      | 25.483 |
| 19.5     | 64.5      | 25.69  |
| 19.5     | 65.5      | 25.855 |
| 19.5     | 66.5      | 25.97  |
| 19.5     | 67.5      | 26.035 |
| 19.5     | 68.5      | 26.052 |
| 19.5     | 69.5      | 26.026 |
| 19.5     | 70.5      | 25.959 |
| 19.5     | 71.5      | 25.859 |
| 19.5     | 72.5      | NULL   |
+----------+-----------+--------+
